################# SEQUENTIAL BINARIES #################

-----------------color17695,bin-----------------
4,9042
6,0589
5,5489
5,7019
5,6941
5,9680
6,1739
6,2885
5,8864
6,2373
------------------------------------------------


-----------------edge17695,bin------------------
5,7389
5,7257
5,7407
5,7311
5,7311
6,3435
5,7372
5,7279
5,9376
5,7365
------------------------------------------------

-----------------texture17695,bin------------------
9,7732
9,6201
9,6769
9,6998
9,6802
9,6826
9,6996
9,6675
9,6987
9,8505
---------------------------------------------------  
    
################# END SEQUENTIAL BINARIES #################
    
################# OPENMP BINARIES THREADS = 1 #################

-----------------color17695,bin-----------------
4,5807
4,6239
4,6026
4,6398
4,5870
4,5752
4,5768
4,5766
4,5813
4,5783
------------------------------------------------

-----------------edge17695,bin------------------
3,4154
3,4159
3,4141 
3,4154   
3,4166  
3,4177  
3,4167  
3,4172    
3,4179
3,4201

------------------------------------------------

-----------------texture17695,bin------------------
5,5914
5,5747 
5,5651 
5,5654  
5,5622 
5,6168 
5,5621 
5,5728 
5,5686
5,5964
---------------------------------------------------  
    
################# END #################


################# OPENMP BINARIES THREADS = 4 #################
    
-----------------color17695,bin-----------------
1,9179
1,7864
1,6601
1,3301
1,8643
2,0167
2,1848
1,4108
1,3025
1,4877
------------------------------------------------

-----------------edge17695,bin------------------
1,7106
1,6901
1,6916
1,6984
1,6953
1,6932
1,69
1,7169
1,6949
1,7222

------------------------------------------------

-----------------texture17695,bin------------------
2,3247
1,4737
1,4734
2,3523
1,4736
1,4743
1,4738
1,6748
1,479
2,7325
---------------------------------------------------

################# END #################    
    
################# OPENMP BINARIES THREADS = 6 #################
    
-----------------color17695,bin-----------------
1,4723
1,4695
1,4879
1,464
1,501
1,4821
1,4687
1,4654
1,4658
1,48
------------------------------------------------

-----------------edge17695,bin------------------
1,136
1,1356
1,1331
1,151
1,1698
1,1637
1,1332
1,1411
1,1375
1,1348
------------------------------------------------

-----------------texture17695,bin------------------
1,8334
1,8465
1,8353
1,8308
1,8388
1,8469
1,8441
1,8307
1,8343
1,8401
---------------------------------------------------

################# END #################        


################# OPENMP BINARIES THREADS = 12 #################
    
-----------------color17695,bin-----------------
1,2529
1,2275
1,2505
1,234
1,2486
1,257
1,2585
1,2454
1,2371
1,2359
------------------------------------------------

-----------------edge17695,bin------------------
0,9478
0,9519
0,9444
0,955
0,9458
0,9443
0,942
0,9585
0,9382
0,9589
------------------------------------------------

-----------------texture17695,bin------------------
0,9478
0,9519
0,9444
0,955
0,9458
0,9443
0,942
0,9585
0,9382
0,9589
---------------------------------------------------

################# END #################    